LR: 0.05, Decay: 0.9, Env: -0.025, steps: 40
Flatten after Dense

500     0.1557
1000    0.1389
1500    0.1366
2000    0.1509
2500    0.1503
3000    0.1460
3500    0.1471
4000    0.1472
4500    0.1442
5000    0.1436
5500    0.1425
6000    0.1418
6500    0.1414
7000    0.1424
7500    0.1413
8000    0.1407
8500    0.1396
9000    0.1395
9500    0.1403
10000   0.1403
10500   0.1410
11000   0.1418
11500   0.1426
12000   0.1427
12500   0.1429
13000   0.1426
13500   0.1425
14000   0.1424
14500   0.1421
15000   0.1423
15500   0.1424
16000   0.1429
16500   0.1434
17000   0.1441
17500   0.1435
18000   0.1434
18500   0.1431
19000   0.1426
19500   0.1428
20000   0.1424
20500   0.1429
21000   0.1427
21500   0.1430
22000   0.1432
22500   0.1428
23000   0.1423
23500   0.1417
24000   0.1418
24500   0.1417
25000   0.1414
25500   0.1416
26000   0.1410
26500   0.1411
27000   0.1410
27500   0.1409
28000   0.1406
28500   0.1405
29000   0.1408
29500   0.1402
30000   0.1405
30500   0.1408
31000   0.1411
31500   0.1415
32000   0.1413
32500   0.1415
33000   0.1415
33500   0.1415
34000   0.1415
34500   0.1417
35000   0.1412
35500   0.1415
36000   0.1414
36500   0.1416
37000   0.1415
37500   0.1414
38000   0.1414
38500   0.1414
39000   0.1412
39500   0.1413
40000   0.1411
40500   0.1412
41000   0.1409
41500   0.1412
42000   0.1413
42500   0.1411
43000   0.1412
43500   0.1414
44000   0.1417
44500   0.1416
45000   0.1417
45500   0.1418
46000   0.1420
46500   0.1416
47000   0.1415
47500   0.1416
48000   0.1416
48500   0.1414
49000   0.1415
49500   0.1420
50000   0.1420
50500   0.1419
51000   0.1419
51500   0.1421
52000   0.1424
52500   0.1424
53000   0.1425
53500   0.1423
54000   0.1422
54500   0.1421
55000   0.1423
55500   0.1423
56000   0.1425
56500   0.1424
57000   0.1424
57500   0.1423
58000   0.1423
58500   0.1422
59000   0.1423
59500   0.1424
60000   0.1423
60500   0.1424
61000   0.1425
61500   0.1426
62000   0.1425
62500   0.1425
63000   0.1425
63500   0.1423
64000   0.1425
64500   0.1426
65000   0.1425
65500   0.1426
66000   0.1428
66500   0.1428
67000   0.1428
67500   0.1427
68000   0.1429
68500   0.1427
69000   0.1427
69500   0.1425
70000   0.1427
70500   0.1426
71000   0.1426
71500   0.1426
72000   0.1424
72500   0.1423
73000   0.1423
73500   0.1425
74000   0.1424
74500   0.1424
75000   0.1426
75500   0.1425
76000   0.1426
76500   0.1423
77000   0.1423
77500   0.1422
78000   0.1421
78500   0.1422
79000   0.1420
79500   0.1420
80000   0.1420
80500   0.1420
81000   0.1421
81500   0.1421
82000   0.1420
82500   0.1419
83000   0.1419
83500   0.1418
84000   0.1419
84500   0.1418
85000   0.1420
85500   0.1419
86000   0.1419
86500   0.1418
87000   0.1418
87500   0.1416
88000   0.1416
88500   0.1416
89000   0.1416
89500   0.1414
90000   0.1415
90500   0.1415
91000   0.1416
91500   0.1417
92000   0.1417
92500   0.1417
93000   0.1419
93500   0.1418
94000   0.1419
94500   0.1417
95000   0.1418
95500   0.1419
96000   0.1419
96500   0.1419
97000   0.1420
97500   0.1420
98000   0.1419
98500   0.1420
99000   0.1419
99500   0.1419

self.train_op = tf.train.RMSPropOptimizer(
    learning_rate=self.lr,
	decay=0.99, 
	momentum=0.9, 
	epsilon=1e-8
).minimize(loss)
    env = frozenlakegame(R=-0.01)  # Instantiate the environment

PG = Network(
    learning_rate=0.02,
    reward_decay=0.90
) # Instantiate the Neural Network
500     0.1118
1000    0.1349
1500    0.1332
2000    0.1349
2500    0.1343
3000    0.1383
3500    0.1400
4000    0.1412
4500    0.1409
5000    0.1378
5500    0.1389
6000    0.1375
6500    0.1397
7000    0.1398
7500    0.1404
8000    0.1396
8500    0.1409
9000    0.1411
9500    0.1418
10000   0.1427
10500   0.1428
11000   0.1425
11500   0.1429
12000   0.1440
12500   0.1435
13000   0.1441
13500   0.1440
14000   0.1450
14500   0.1445
15000   0.1443
15500   0.1442
16000   0.1442
16500   0.1441
17000   0.1444
17500   0.1454
18000   0.1452
18500   0.1454
19000   0.1453
19500   0.1454
20000   0.1446
20500   0.1448
21000   0.1448
21500   0.1446
22000   0.1448
22500   0.1444
23000   0.1450
23500   0.1454
24000   0.1455
24500   0.1456
25000   0.1453
25500   0.1452
26000   0.1452
26500   0.1454
27000   0.1452
27500   0.1451
28000   0.1446

env = frozenlakegame(R=-0.01)  # Instantiate the environment

PG = Network(
    learning_rate=0.0001,
    reward_decay=0.99
) # Instantiate the Neural Network